DECLARE x, y: DATE
x <- 10/5/2005
y <- 15/5/2005
OUTPUT x + y


