
DECLARE x: REAL

x <- 10

OUTPUT (-5 +10) + (5*10)


